23
0	300	510	90
0	450	435	180
3	225	360	0
4	300	360	0
7	375	360	270
6	375	435	270
0	450	435	0
0	525	435	90
1	810	390	180
1	885	390	0
3	225	435	270
3	300	435	0
4	375	435	0
4	375	510	270
4	450	510	270
7	810	465	180
7	810	390	270
4	90	615	0
4	90	615	270
4	375	510	90
3	570	615	90
2	810	615	0
2	495	690	180

#Wires:
225	510	225	570	165	615
300	510	300	735	435	705	330	615	495
450	510	450	570	735	300	885	315	810
810	390	765	390	465	810
810	465	810	585	780	600	840	600	915	615
225	360	225	285	105	330	60	690	90
