23
0	525	450	90
0	675	375	180
3	450	300	0
4	525	300	0
7	600	300	270
6	600	375	270
0	675	375	0
0	750	375	90
1	1035	330	180
1	1110	330	0
3	450	375	270
3	525	375	0
4	600	375	0
4	600	450	270
4	675	450	270
7	1035	405	180
7	1035	330	270
4	315	555	0
4	315	555	270
4	600	450	90
3	795	555	90
2	1035	555	0
2	720	630	180

#Wires:
450	450	450	510	390	555
525	450	525	675	660	645	555	555	720
675	450	675	510	960	240	1110	255	1035
1035	330	990	330	405	1035
1035	405	1035	525	1005	540	1065	540	1140	555
450	300	450	225	330	270	285	630	315
