24
0	645	525	90
0	795	450	180
3	570	375	0
4	645	375	0
7	720	375	270
6	720	450	270
0	795	450	0
0	870	450	90
1	1155	405	180
1	1230	405	0
3	570	450	270
3	645	450	0
4	720	450	0
4	720	525	270
4	795	525	270
7	1155	480	180
5	1155	405	270
4	435	630	0
4	435	630	270
4	720	525	90
3	915	630	90
2	1155	630	0
2	840	705	180
0	390	195	0

#Wires:
570	525	570	585	510	630
645	525	645	750	780	720	675	630	840
795	525	795	585	1080	315	1230	330	1155
1155	405	1110	405	480	1155
1155	480	1155	600	1125	615	1185	615	1260	630
570	375	570	300	450	345	405	705	435
