24
0	570	525	90
0	900	225	180
3	495	375	0
4	570	375	0
7	645	375	270
6	645	450	270
0	720	450	0
0	795	450	90
1	1080	405	180
1	1155	405	0
3	495	450	270
3	570	450	0
4	645	450	0
4	645	525	270
4	720	525	270
7	1080	480	180
5	1080	405	270
4	360	630	0
4	360	630	270
4	645	525	90
3	840	630	90
2	1080	630	0
2	765	705	180
0	315	195	0

#Wires:
495	525	495	585	435	630
570	525	570	750	705	720	600	630	765
720	525	720	585	1005	315	1155	330	1080
1080	405	1035	405	480	1080
1080	480	1080	600	1050	615	1110	615	1185	630
495	375	495	300	375	345	330	705	360
