24
0	495	480	90
0	645	405	180
3	420	330	0
4	495	330	0
7	570	330	270
6	570	405	270
0	645	405	0
0	720	405	90
1	1005	360	180
1	1080	360	0
3	420	405	270
3	495	405	0
4	570	405	0
4	570	480	270
4	645	480	270
7	1005	435	180
5	1005	360	270
4	285	585	0
4	285	585	270
4	570	480	90
3	765	585	90
2	1005	585	0
2	690	660	180
0	240	150	0

#Wires:
435	480	435	540	375	585
510	480	510	705	645	675	540	585	705
660	480	660	540	945	270	1095	285	1020
1020	360	975	360	435	1020
1020	435	1020	555	990	570	1050	570	1125	585
435	330	435	255	315	300	270	660	300
