24
0	510	480	90
0	660	405	180
3	435	330	0
4	510	330	0
7	585	330	270
6	585	405	270
0	660	405	0
0	735	405	90
1	1020	360	180
1	1095	360	0
3	435	405	270
3	510	405	0
4	585	405	0
4	585	480	270
4	660	480	270
7	1020	435	180
5	1020	360	270
4	300	585	0
4	300	585	270
4	585	480	90
3	780	585	90
2	1020	585	0
2	705	660	180
0	255	150	0

#Wires:
435	480	435	540	375	585
510	480	510	705	645	675	540	585	705
660	480	660	540	945	270	1095	285	1020
1020	360	975	360	435	1020
1020	435	1020	555	990	570	1050	570	1125	585
435	330	435	255	315	300	270	660	300
